116
149
229
245
281
366
423
580
601
641
679
689
725
748
763
802
805
948
949
958
1213
1275
1288
1530
1562
1638
2114
2238
2539
2556
2604
2627
2629
2636
2671
2784
2866
3155
3268
3367
3967
4004
4086
4141
4142
4289
4303
4307
4393
4613
4741
4778
4851
5023
5238
5286
5303
5363
5426
5466
5571
5647
5757
5973
6173
6705
6889
6897
6939
7016
7047
7081
7090
7133
7158
7248
7309
7319
7349
7393
7399
7413
7417
7453
7536
7540
7796
8020
8155
8233
8716
8819
9070
9216
9322
9573
9656
9842
9874
9891
10181
10190
10280
10298
10425
10477
10542
10608
10670
10768
11077
11214
11257
11293
11490
11534
11570
11754
11764
11801
12046
12138
12320
12444
12473
12494
12642
12645
12788
12800
12834
13044
13121
13212
13213
13268
13297
13338
13514
13569
13816
13824
13842
13887
13959
14045
14074
14114
14306
14471
14846
15022
15150
15243
15483
15503
15556
15691
15715
15799
15804
15817
15857
15863
15912
15971
16180
16228
16256
16408
16447
16459
16529
16750
17065
17067
17123
17334
17342
17463
17651
17797
17861
17885
18030
18203
18324
18347
18354
18463
18504
18540
18566
18622
18683
18870
19074
19273
19487
19628
19668
19701
19770
19859
19861
19912
19949
19958
20050
20077
20121
20138
20190
20240
20294
20343
20359
20446
20556
20643
20913
20961
21016
21178
21211
21538
21608
21620
21693
21796
21815
21848
21880
21927
21973
21989
22153
22164
22441
22444
22616
22650
22885
22990
23130
23347
23492
23508
23680
23701
23714
23933
24015
24023
24334
24498
24592
24732
24958
25146
25295
25383
25485
25606
25649
25687
25793
25982
26000
26138
26181
26487
26524
26723
26770
26994
27131
27242
27253
27309
27382
27430
27470
27515
27692
27704
27709
27765
27850
27863
28002
28202
28372
28394
28695
28851
29126
29133
29189
29325
29470
29658
29670
29682
29696
29738
29738
29950
30188
30199
30217
30336
30336
30562
30576
30651
30723
30890
30953
30967
31005
31167
31197
31302
31312
31412
31484
31648
31780
31846
31906
32028
32034
32110
32285
32297
32434
32448
32647
32653
32847
33012
33226
33281
33294
33838
33980
33990
34011
34670
34692
34823
34830
34862
35000
35022
35276
35402
35415
35488
35601
35707
35778
35785
35812
35854
36209
36245
36388
36408
36484
36864
36910
37074
37122
37224
37352
37407
37426
37904
37969
38053
38070
38141
38159
38682
38704
38780
38806
38818
39044
39125
39207
39359
39436
39480
39744
40006
40321
40347
40379
40441
40493
40501
40552
40680
40763
40979
41145
41278
41587
41659
41710
41759
41794
41838
41844
41861
42057
42214
42345
42346
42362
42385
42441
42540
42609
42670
42713
42743
42997
43079
43103
43137
43158
43392
43415
43502
43506
43531
43739
43769
43995
44062
44125
44163
44583
44741
44959
45115
45137
45365
45500
45639
45775
45903
46133
46432
46502
46508
46579
46834
46990
47141
47224
47236
47356
47361
47413
47699
47720
47754
48074
48237
48283
48346
48423
48442
48450
48651
48708
49047
49198
49212
49334
49456
49561
49684
49730
49785
50082
50137
50174
50178
50200
50408
50810
50830
50924
51135
51178
51394
51394
51627
51639
51696
51747
51830
51891
52166
52343
52357
52411
52421
52467
52532
52564
52585
52625
52665
52679
52697
52959
53023
53083
53251
53302
53523
53567
53599
53633
53722
53837
53865
53925
53994
54049
54351
54437
54546
55087
55120
55160
55238
55283
55288
55304
55585
55633
55817
55925
55989
56311
56549
56631
56712
56979
57041
57072
57157
57396
57402
57586
57682
57854
58077
58080
58115
58136
58198
58337
58430
58434
58484
58582
58836
58843
58874
58904
59124
59185
59234
59285
59345
59371
59384
59637
59677
59732
59757
59913
60152
60180
60237
60380
60461
60478
60521
60747
60823
60886
61236
61338
61344
61425
61651
61824
61922
61979
62082
62115
62169
62233
62261
62341
62453
62774
62800
62824
63075
63084
63225
63313
63464
63511
63521
63562
63621
63663
63676
63708
63724
63831
63876
63927
63938
64053
64093
64096
64199
64233
64273
64325
64390
64427
64523
64682
64811
64857
64982
65019
65045
65077
65095
65104
65118
65122
65137
65387
65563
65643
65684
65749
66038
66164
66375
66424
66614
66752
66769
66995
67028
67044
67061
67181
67270
67348
67367
67539
67625
67637
67752
67816
67884
67934
68012
68431
68511
68557
68597
68730
68775
68853
68856
68884
68911
68957
69017
69020
69113
69344
69396
69547
69822
69898
69980
70017
70100
70120
70392
70408
70451
70549
70587
70646
70693
70980
71041
71196
71206
71208
71296
71319
71478
71683
71757
71848
71854
71861
71918
71960
71973
72020
72025
72311
72341
72601
72822
72830
72866
72975
72982
73112
73127
73164
73264
73496
73620
73770
73814
73981
73983
74094
74387
74487
74578
74612
74689
74744
74783
74798
74977
75001
75214
75287
75331
75409
75617
75633
75774
76081
76515
76702
76735
76760
76955
77000
77039
77063
77124
77156
77202
77229
77306
77314
77420
77564
77731
77931
78207
78302
78309
78378
78449
78636
78777
78817
78869
79061
79062
79097
79199
79235
79365
79409
79545
79581
79594
79672
79790
79843
79949
80159
80241
80282
80300
80404
80512
80831
80872
80950
81014
81236
81369
81403
81438
81572
81600
81776
81933
82021
82083
82361
82528
82578
83071
83073
83249
83287
83379
83587
83819
83945
84042
84145
84173
84225
84367
84627
84693
84784
84848
84901
85199
85206
85206
85207
85230
85418
85432
85527
85644
85833
86028
86036
86048
86149
86187
86234
86333
86574
86612
86724
87015
87074
87154
87379
87505
87599
87648
87652
87781
87912
88130
88240
88327
88490
88501
88554
88635
88676
88685
88747
88863
88898
88908
89139
89331
89598
89619
89632
89639
89641
89770
89791
89900
89954
90008
90164
90182
90234
90476
90602
90658
90707
90814
90816
90842
90880
90997
91153
91254
91274
91513
91539
91694
91731
91960
92167
92281
92316
92454
92468
92508
92647
92946
93062
93204
93250
93264
93283
93338
93528
93534
93576
93606
93678
93680
93716
93822
93900
93948
93967
94025
94035
94132
94146
94398
94475
94814
94931
94965
95032
95137
95226
95261
95282
95414
95890
95918
96035
96330
96811
96871
97325
97400
97477
97484
97633
97858
97863
97909
97997
98002
98047
98080
98151
98297
98911
98917
98926
98958
99002
99025
99160
99166
99223
99597
100004
100228
100243
100282
100318
100336
100501
100517
100675
100768
100793
100810
100822
100860
100927
100932
100963
101211
101238
101258
101304
101361
101381
101520
101595
101610
101667
101734
101750
102002
102058
102235
102285
102511
102538
102712
102887
102892
102992
103200
103228
103462
103593
103715
103720
103758
103775
103839
103866
103897
103909
104130
104192
104249
104307
104354
104423
104445
104488
104679
104801
104956
105123
105163
105168
105216
105342
105697
105865
105880
105965
106067
106333
106414
106438
106492
106519
106798
106990
107040
107046
107452
107651
107748
107783
107887
108007
108117
108236
108238
108426
108480
108534
108661
108700
109010
109103
109169
109268
109283
109310
109444
109580
109597
109617
109676
109968
109988
110109
110127
110296
110624
110730
110866
110963
111116
111211
111409
111417
111522
111790
111927
111943
111944
112182
112200
112277
112322
112350
112666
112674
112844
112870
113009
113317
113348
113354
113404
113518
113637
113750
114005
114010
114110
114148
114209
114278
114321
114380
114385
114676
114904
114922
115036
115071
115207
115251
115273
115309
115374
115494
115501
115612
115705
115995
116118
116470
116581
116802
116821
116829
116927
117101
117166
117187
117221
117242
117347
117458
117494
117511
117514
117596
117811
117919
117975
118267
118467
118648
118761
118873
118897
118920
119012
119031
119168
119195
119255
119309
119333
119346
119492
119538
119604
119773
119783
119942
120078
120549
120965
121171
121232
121260
121274
121326
121557
121561
121575
121698
121875
121881
122002
122019
122036
122082
122145
122166
122285
122571
122571
122598
122612
122646
122653
122711
122741
122838
122903
122924
122959
122998
123060
123080
123160
123248
123317
123374
123458
123571
123696
123755
123900
123915
124022
124046
124103
124108
124116
124262
124295
124353
124405
124815
124860
124966
125131
125478
125542
125875
126289
126300
126442
126456
126469
126492
126570
126582
126638
126691
126757
126916
126949
126992
127048
127054
127091
127286
127421
127478
127595
127664
127695
127704
128124
128209
128256
128303
128322
128539
128544
128630
128632
128644
128749
128966
129063
129141
129329
129398
129471
129544
129603
129625
129694
129950
130063
130148
130176
130224
130493
130495
130726
130779
130779
130872
130934
131204
131355
131487
131530
131644
131872
131916
132013
132076
132083
132341
132536
132633
132823
132935
132947
132950
133084
133088
133103
133108
133345
133385
133415
133489
133582
133683
133720
133752
133800
134550
134708
134721
134963
135034
135152
135200
135239
135309
135404
135907
135957
135999
136166
136237
136321
136362
136523
136570
136580
136618
136751
136791
136814
136872
136908
137110
137125
137407
137415
137427
137524
137574
137668
137736
137827
137884
137914
138066
138101
138155
138200
138275
138732
138773
138810
138978
139016
139308
139377
139580
139793
139804
140091
140152
140434
140477
140933
140964
141011
141381
141407
141588
141609
141728
141752
142134
142149
142161
142180
142187
142307
142335
142397
142456
142467
142525
142541
142736
142783
142791
142814
142852
142903
143156
143224
143412
143741
143777
144084
144321
144332
144340
144441
144467
144499
144622
144636
144829
145106
145119
145235
145445
145462
145566
145759
145782
145786
145890
145972
146151
146164
146184
146270
146426
146451
146637
146810
146846
146868
146869
146875
146896
146954
147039
147305
147311
147311
147348
147364
147401
147549
147563
147625
147650
147837
147838
147907
147954
148172
148335
148366
148453
148465
148471
148641
148721
148726
148755
148854
149175
149195
149404
149452
149505
149603
149714
149857
149867
149926
149941
150028
150126
150137
150558
150656
150709
150966
150976
150985
151032
151057
151136
151164
151189
151218
151312
151314
151436
151518
151601
151804
151841
151952
152332
152526
152605
152984
152998
153052
153099
153299
153344
153482
153638
153644
153672
153772
153907
153919
153992
154002
154026
154114
154212
154231
154463
154563
154627
154652
154728
154971
155434
155453
155455
155507
155632
155714
156030
156253
156359
156548
156634
156637
156681
156695
156906
157046
157108
157115
157193
157208
157384
157392
157547
157558
157714
158651
158856
158930
159057
159206
159467
159528
159533
159558
159681
159941
159951
160160
160340
160402
160539
160612
160618
160624
160772
160807
161526
161630
161738
161818
161863
161868
161907
161977
162000
162123
162149
162168
162203
162255
162334
162455
162645
162701
162721
162771
162905
163279
163364
163383
163664
163753
163794
163835
163879
163882
163947
164130
164179
164313
164329
164436
164445
164604
164764
164801
164824
164998
165073
165301
165610
165641
165720
165931
165957
166050
166190
166201
166613
166700
166714
166798
166808
166977
167015
167223
167293
167330
167333
167395
167512
167542
167615
167661
167813
167914
168178
168273
168287
168305
168489
168834
168900
168973
168986
169020
169024
169166
169314
169346
169379
169563
169700
169704
169806
169851
169960
169999
170052
170109
170163
170169
170298
170323
170441
170478
170761
170915
171040
171128
171245
171853
171858
172303
172399
172497
172605
173146
173331
173388
173478
173590
173610
173641
173661
173742
173747
173820
173854
173867
174201
174254
174388
174449
174585
174738
175135
175177
175234
175263
175363
175417
175560
175630
175649
175955
175978
176323
176406
176478
176580
176631
176682
176757
176805
176891
176893
176927
177005
177038
177141
177165
177243
177274
177345
177373
177495
177546
177602
177637
177681
177778
177797
177871
177929
177995
178261
178437
178461
178494
178505
178964
179013
179170
179199
179226
179423
179756
180020
180073
180115
180271
180577
180870
180954
180957
181004
181110
181114
181261
181289
181443
181498
181559
181560
181628
181920
182083
182128
182158
182318
182324
182382
182445
182514
182685
182810
182918
183000
183048
183077
183105
183180
183308
183323
183330
183440
183447
183574
183584
183756
183880
183922
183928
183933
183968
184101
184220
184316
184337
184467
184550
184688
184713
184818
184825
184865
184914
184929
184983
185039
185150
185164
185195
185281
185440
185675
185734
185738
185747
185758
185863
185901
186075
186088
186152
186254
186588
186619
186729
186758
186765
186814
186836
186842
186901
186943
187082
187144
187153
187288
187533
187627
187658
187699
187699
187703
187737
187930
187959
188104
188132
188536
188933
188944
189153
189254
189322
189399
189690
189987
190098
190192
190205
190215
190273
190283
190369
190411
190426
190516
190876
190966
191069
191256
191405
191416
191485
191540
191565
191620
191696
191711
191723
191754
191895
191912
191919
191950
192303
192339
192507
192541
192722
192893
192995
193000
193293
193355
193490
193635
193810
193939
193970
194135
194227
194272
194368
194428
194443
194499
194502
194592
194647
194889
194970
195036
195102
195165
195523
195849
196089
196186
196200
196214
196282
196501
196524
196616
196640
196670
196902
196938
197026
197352
197558
197562
197692
197927
197992
198009
198145
198236
198412
198473
198846
198887
198904
199165
199283
199344
199452
199491
199623
199628
199730
199744
199904
200035
200223
200269
200296
200397
200454
200484
200490
200565
200643
200647
200703
200837
201096
201175
201198
201268
201294
201299
201304
201409
201560
201563
201799
201807
201883
201896
202083
202247
202265
202324
202363
202592
202596
202597
202602
202609
202636
202701
202761
202768
202778
202838
203146
203159
203179
203189
203264
203290
203297
203414
203486
203565
203579
203598
203676
203684
203803
203887
203934
204179
204543
204560
204634
204683
204814
205044
205062
205248
205299
205336
205389
205627
205685
205709
205738
206275
206322
206518
206520
206831
206889
206909
207091
207126
207168
207248
207328
207721
207744
207764
208153
208172
208222
208222
208240
208338
208446
208699
208818
208894
209050
209069
209088
209090
209220
209562
209579
209825
209839
209941
210198
210213
210311
210364
210682
210696
210806
210948
211061
211313
211482
211640
211940
211953
212001
212075
212332
212400
212564
212596
212599
212679
212749
212784
212831
213026
213043
213088
213145
213585
213619
213660
213776
214022
214040
214112
214222
214351
214354
214387
214524
214537
214563
214656
214752
215013
215067
215546
215582
215631
215680
215759
215764
215769
215902
215910
216020
216023
216204
216210
216254
216269
216398
216639
216684
216732
217043
217189
217224
217440
217552
217634
217649
217653
217709
217781
218004
218157
218177
218254
218305
218422
218533
218558
218812
218888
218898
219009
219064
219094
219106
219189
219318
219364
219448
219603
219928
220005
220031
220153
220181
220265
220300
220347
220422
220547
220614
220936
221009
221108
221398
221663
221727
221743
221902
221973
222486
222488
222548
222589
222603
222660
222708
222755
222862
222877
222921
222964
222992
223103
223123
223160
223354
223360
223684
223718
223743
223934
223988
224057
224063
224135
224207
224285
224353
224389
224427
224448
224473
224671
224738
224875
224997
225062
225170
225261
225415
225772
226115
226297
226354
226420
226454
226464
226473
226616
226625
226896
227027
227029
227255
227324
227363
227453
227512
227516
227541
227550
227803
227838
227903
227995
228048
228069
228071
228111
228230
228233
228258
228280
228285
228296
228359
228586
228640
228709
228743
228753
228919
228934
228962
229015
229036
229157
229270
229327
229359
229389
229448
229538
229694
229917
229964
230080
230157
230255
230281
230283
230329
230442
230495
230507
230676
230699
230734
230907
230996
231058
231120
231166
231227
231239
231289
231392
231569
231667
231694
231796
231931
231973
232377
232495
232514
232554
232725
232758
232973
232979
233037
233093
233168
233202
233557
233557
233648
233654
233666
233711
233745
233783
233949
234045
234064
234093
234160
234211
234393
234429
234559
234599
234633
234829
234909
234926
234947
235085
235252
235303
235349
235512
235523
235554
236063
236119
236199
236393
236421
236430
236459
236465
236475
236647
236697
236736
237040
237261
237485
237592
237642
237674
237710
238149
238164
238317
238371
238492
238497
238500
238534
238603
238766
238794
238906
239028
239046
239394
239426
239501
239585
239591
239653
239696
239930
240018
240192
240295
240366
240390
240392
240437
240576
240771
240874
240922
241107
241224
241231
241235
241479
241562
241981
241995
242140
242145
242146
242155
242318
242325
242392
242435
242541
242592
242610
242647
242665
242670
242766
242947
243040
243134
243160
243162
243243
243355
243393
243489
243527
243610
243789
243881
244026
244052
244118
244192
244218
244270
244636
244923
245088
245116
245284
245308
245588
245984
245985
246005
246083
246097
246296
246383
246389
246475
246481
246530
246674
246721
246857
246910
247084
247105
247113
247364
247491
247598
247736
247926
247993
247994
248013
248149
248234
248390
248415
248840
248856
249049
249202
249269
249309
249335
249388
249407
249491
249555
249631
249845
249934
250155
250300
250317
250332
250355
250471
250564
250697
250892
251010
251144
251211
251276
251578
251685
251772
251845
251868
252140
252149
252222
252413
252754
253007
253032
253255
253310
253320
253364
253384
253446
253555
254094
254119
254223
254225
254380
254398
254467
254517
254601
254685
254876
255028
255116
255229
255636
255869
255976
256165
256262
256306
256328
256332
256384
256415
256500
256683
256825
256955
257105
257133
257212
257217
257301
257357
257382
257741
257911
258589
258653
258676
258701
259171
259274
259286
259347
259349
259386
259422
259679
259741
259843
259914
259923
260028
260076
260106
260110
260464
260471
260917
261021
261275
261280
261301
261413
261423
261516
261701
261743
261843
261899
261909
262070
262264
262347
262388
262603
262628
262701
262737
262749
263081
263254
263342
263371
263416
263453
263459
263536
263564
263652
263738
263801
263957
263969
264034
264137
264151
264190
264404
264427
264479
264490
264553
264618
264619
264717
264728
264808
265273
265315
265442
265497
265667
265806
265821
265981
266189
266371
266486
266521
266932
266959
266973
267190
267309
267337
267413
267457
267535
267755
267861
267920
267985
268005
268038
268159
268230
268250
268429
268463
268486
268491
268672
268686
268761
268829
268854
268956
268970
269075
269247
269368
269389
269464
269515
269536
269589
269603
269627
269724
269749
269759
270295
270297
270345
270378
270497
270647
270698
270847
270889
271071
271110
271211
271240
271433
271448
271472
271486
271548
271555
271678
271685
271757
271831
271975
271995
272011
272122
272128
272291
272319
272412
272425
272430
272580
272660
272741
272787
272888
273099
273237
273273
273412
273488
273618
273655
273707
273903
274051
274274
274312
274333
274343
274542
274810
275065
275069
275083
275311
275312
275353
275433
275504
275581
275846
275939
275964
275975
275997
276205
276227
276262
276401
276422
276648
276660
276708
276998
277335
277461
277467
277470
277541
277759
277823
277993
278059
278146
278358
278542
278580
278632
278698
278769
278795
278877
278894
279508
279533
279559
279564
279736
279841
279849
279870
279873
279925
280134
280156
280182
280282
280413
280548
280698
280831
280904
280975
281094
281239
281283
281333
281560
281604
281605
281736
282031
282063
282069
282178
282372
282413
282494
282638
282643
282661
282670
282710
282843
282859
282918
282983
283008
283085
283090
283258
283506
283511
283554
283559
283605
283630
283643
283662
283719
283761
283958
284289
284304
284308
284321
284367
284441
284498
284795
284910
285039
285042
285167
285187
285217
285268
285399
285430
285470
285508
285714
285816
285829
285894
285910
286074
286162
286293
286407
286570
286693
286750
286891
286905
286938
286953
286964
287072
287270
287366
287381
287438
287454
287576
287735
287873
287915
287999
288131
288279
288387
288482
288494
288513
288620
288639
288671
288726
288938
288945
289173
289324
289353
289556
289674
289684
289893
290061
290170
290208
290234
290239
290246
290318
290339
290341
290432
290492
290603
290671
290734
290752
290896
290931
290962
291059
291252
291329
291413
291416
291424
291526
292473
292574
292636
292694
292817
292866
293009
293092
293251
293305
293314
293410
293762
293795
293872
293964
294112
294309
294348
294486
294633
294671
294715
294788
295023
295046
295222
295339
295389
295418
295772
296030
296085
296347
296563
296630
296709
296787
296922
296978
297009
297111
297284
297397
297443
298049
298188
298386
298519
298613
298690
298737
298961
299260
299314
299553
299575
299605
299628
299767
299767
300003
300093
300118
300439
300592
300634
300681
300697
300718
300720
300742
300781
300883
301081
301105
301367
301415
301436
301649
301673
302014
302059
302176
302237
302433
302483
302484
302498
302570
302761
302796
302817
302931
303083
303347
303454
303464
303548
303752
303879
303916
303993
304413
304473
304516
304535
304708
304828
305144
305373
305397
305473
305512
305516
305853
306024
306102
306170
306185
306290
306341
306480
306693
306949
306953
307269
307301
307301
307303
307348
307387
307467
307524
307625
307845
307932
307995
308017
308057
308147
308189
308194
308237
308591
308603
308716
308731
308746
308867
309068
309361
309400
309546
309963
310107
310228
310458
310637
310838
311086
311291
311295
311351
311354
311502
311508
311640
311816
311930
312133
312141
312165
312430
312931
313015
313022
313029
313084
313099
313124
313323
313503
313726
313805
313857
313894
314030
314051
314128
314279
314426
314480
314604
314841
314843
314994
314997
314998
315004
315091
315112
315192
315211
315333
315423
315500
315581
315766
315847
315907
316008
316143
316182
316184
316276
316377
316713
316717
316745
316825
317240
317460
317522
317576
317618
317620
317658
317724
317829
317848
317987
318081
318091
318254
318351
318459
318586
318629
318660
318908
318987
319134
319285
319302
319450
319459
319463
319890
319910
320006
320185
320211
320218
320228
320296
320505
320561
320763
320792
320799
320823
321128
321405
321454
321554
321580
321621
321826
322239
322404
322465
322652
322755
322872
322939
323041
323160
323199
323212
323445
323546
323684
323725
324033
324043
324094
324198
324408
324415
324598
324606
324646
324837
324931
325025
325131
325142
325179
325222
325296
325372
325537
325687
325874
325874
325896
326116
326138
326197
326224
326342
326512
326530
326782
326905
327073
327221
327329
327514
327548
327556
327580
327636
327670
327768
328005
328053
328073
328172
328244
328320
328497
328574
328971
329076
329117
329128
329184
329313
329335
329353
329652
329775
330088
330103
330141
330195
330210
330457
330493
330570
330609
330618
330726
330736
330769
330893
330976
331154
331175
331233
331240
331248
331252
331386
331451
331489
331721
331826
331957
332025
332046
332149
332254
332504
332685
332732
332783
332826
332827
333028
333072
333213
333303
333471
333518
333524
333834
334109
334147
334334
334537
334667
334713
334741
334975
335007
335017
335359
335424
335456
335476
335497
335707
335746
336018
336186
336441
336444
336478
336563
336647
336670
336686
336711
337002
337119
337454
337640
337698
337736
337926
337945
338119
338225
338628
338680
338785
338790
338864
338974
339240
339288
339407
339514
339528
339603
339622
339662
339761
339848
339913
339996
340015
340206
340607
340668
340727
340785
341087
341159
341241
341565
341819
341872
341978
342029
342417
342448
342478
342534
342539
342719
342719
342741
342874
342892
343017
343073
343143
343456
343531
343585
343712
343753
343923
343928
344117
344209
344235
344752
344761
344851
344988
345029
345183
345184
345234
345270
345302
345325
345357
345373
345502
345591
345705
345795
345854
345886
345910
345926
345942
346044
346047
346110
346522
346577
346731
346888
346973
347124
347239
347764
347920
348043
348081
348093
348138
348226
348262
348517
348724
348746
348830
349027
349055
349146
349194
349209
349296
349403
349430
349464
349672
349750
349867
349965
350023
350131
350285
350311
350364
350525
350545
350585
350623
350897
351014
351125
351448
351477
351525
351606
351716
351736
351759
351771
351995
352310
352332
352543
352886
353187
353615
353677
353850
353890
353981
354109
354191
354278
354336
354429
354469
354582
354599
354669
354824
354885
354886
354985
354992
355120
355128
355410
355597
355603
355675
355855
355973
356005
356009
356123
356135
356144
356208
356220
356226
356310
356315
356439
356820
357065
357134
357484
357637
357696
358200
358430
358432
358511
358662
358734
358877
358982
359241
359391
359641
359657
359802
360052
360120
360367
360520
360547
360643
360737
360840
360856
360941
361004
361077
361217
361227
361248
361319
361356
361463
361473
361551
361656
361704
362042
362065
362108
362189
362261
362341
362361
362595
362714
362824
362955
362960
362973
363027
363041
363101
363245
363427
363615
363744
363862
363893
363945
364084
364256
364298
364338
364701
364727
364754
364905
365042
365109
365155
365369
365485
365689
365701
365913
365968
366185
366242
366244
366326
366421
366466
366599
366650
366668
366671
366965
366990
367017
367040
367332
367349
367446
367666
367733
368151
368245
368262
368457
368486
368500
368615
368690
368773
368801
368915
369268
369338
369339
369405
369520
369634
369735
369776
369928
370142
370160
370222
370247
370316
370326
370356
370420
370445
370562
370643
370668
370738
370806
370952
371334
371467
371596
371641
371679
371754
371767
371873
371939
371943
371960
372053
372113
372161
372407
372879
373009
373111
373193
373247
373255
373310
373344
373485
373585
373596
373785
373866
373934
374049
374106
374127
374268
374471
374503
374711
374725
374757
374932
375179
375237
375249
375613
375995
376001
376188
376197
376295
376333
376378
376492
376586
376845
376857
377012
377039
377068
377228
377236
377239
377459
377547
377611
377630
377720
377810
377904
378169
378206
378240
378241
378380
378412
378419
378440
378454
378460
378585
378637
378681
378886
379024
379223
379227
379238
379302
379312
379505
379564
379574
379642
379647
379749
379792
379945
379980
380007
380139
380335
380354
380499
380685
380792
380792
380814
380941
380966
381007
381249
381260
381522
381777
381870
381881
381974
382071
382215
382306
382325
382441
382552
382694
382933
382978
383168
383214
383329
383398
383460
383631
383655
383798
383831
383917
383933
383950
384042
384110
384158
384171
384207
384314
384376
384468
384602
384936
385055
385194
385239
385297
385403
385477
385596
385721
385793
385885
385902
385984
386005
386177
386198
386217
386465
386486
386557
386633
386840
386962
387222
387374
387593
387610
387799
387917
387993
388400
388608
388891
389035
389119
389197
389202
389295
389342
389492
389525
389536
389783
389839
389853
389928
389938
390064
390105
390121
390209
390226
390286
390380
390391
390503
390625
390823
390985
390997
391143
391165
391237
391350
391355
391455
391549
391626
391755
391865
391956
391985
392131
392194
392228
392244
392253
392313
392476
392656
392676
392727
392830
392860
392950
393013
393261
393601
393667
393743
393888
393930
394021
394134
394139
394152
394241
394254
394279
394326
394391
394582
394746
394812
394870
394875
394988
395118
395127
395141
395144
395277
395278
395352
395375
395518
395607
395725
395768
395847
396029
396037
396114
396391
396420
396773
396940
397030
397117
397275
397549
397553
397647
398039
398150
398237
398382
398521
398632
398701
398737
398792
399442
399599
399603
399643
399741
399761
399776
399836
399885
400259
400387
400400
400437
400568
400592
400634
400731
400769
400857
400958
401222
401583
401607
401741
401774
401779
401942
401942
402014
402044
402158
402230
402378
402505
402587
402667
402685
402713
402924
402938
403067
403101
403262
403326
403348
403401
403472
403483
403650
403739
403868
403903
403927
403961
404651
404719
404766
405010
405465
405478
405531
405673
405891
405959
405989
406103
406332
406433
406681
406796
406897
406996
407113
407249
407320
407567
407604
407642
407675
407822
408182
408242
408786
408903
409058
409229
409252
409317
409399
409423
409724
409777
409994
410031
410127
410128
410180
410231
410248
410290
410372
410417
410491
410511
410756
410777
410819
411113
411117
411138
411251
411310
411357
411373
411473
411589
411880
412058
412146
412161
412180
412304
412325
412411
412576
412629
412680
412728
412885
412952
413014
413142
413353
413452
413452
413579
413615
413663
413877
414049
414195
414503
414528
414543
414616
414659
414872
415116
415135
415147
415207
415277
415283
415433
415438
415486
415564
415590
415599
415601
415606
415628
415679
416207
416231
416252
416450
416585
416668
416902
417011
417042
417147
417321
417364
417584
417701
417883
417947
418122
418237
418347
418353
418466
418615
418761
418812
418893
418981
419306
419353
419431
419634
419764
419852
420494
420522
420760
420850
420969
420997
421070
421142
421212
421345
421410
421725
421956
422059
422261
422264
422310
422346
422358
422591
422712
422716
422796
422944
423043
423071
423577
423680
423719
423851
424236
424259
424285
424380
424401
424477
424637
424789
424930
425001
425080
425090
425129
425244
425280
425589
425827
425879
425997
426123
426364
426500
426507
426508
426546
426640
426726
426728
426867
426870
426988
426996
427200
427267
427362
427420
427571
427625
427755
427946
427996
428046
428248
428294
428418
428446
428665
428666
428745
428815
428922
429046
429072
429221
429448
429772
429857
429888
429990
430202
430475
430498
430510
430522
430753
430800
430946
431000
431099
431104
431173
431566
431718
431878
431902
431935
432037
432037
432125
432155
432202
432242
432416
432461
432535
432599
432784
432834
432840
432883
432972
432987
433146
433163
433246
433389
433444
433582
433717
433744
433757
433858
433894
433950
433998
434001
434477
434570
434582
434586
434597
434804
434904
434936
434954
435050
435095
435147
435384
435409
435412
435420
435557
435625
435630
435645
435900
435917
435944
436011
436376
436456
436510
436735
436796
436830
436873
437035
437058
437182
437454
437727
437951
437968
438017
438065
438377
438566
438717
438756
438812
438889
438987
439111
439134
439142
439230
439237
439249
439335
439454
439481
439587
439649
439695
439741
439839
439945
439946
440126
440176
440246
440343
440433
440682
440735
440745
440795
440995
441006
441093
441171
441175
441229
441308
441408
441560
441574
441919
442207
442402
442409
442428
442459
442502
442547
442589
442659
442678
442794
442806
442884
443077
443081
443183
443225
443250
443482
443496
443560
444417
444450
444581
444634
444754
444922
445109
445280
445360
445419
445442
445494
445555
445567
445615
445649
445674
445871
445995
446270
446370
446379
446522
446594
446634
446726
446755
446794
446894
446994
447139
447211
447257
447655
447748
447840
447862
448013
448129
448182
448345
448394
448412
448631
448632
448641
448735
448806
448929
449180
449613
449636
449678
449752
449884
449921
449959
449960
450024
450117
450291
450448
450480
450482
450491
450511
450519
450730
450885
450932
450953
451005
451193
451210
451324
451469
451535
451587
451692
451712
451736
451769
451875
451890
451982
452280
452316
452419
452436
452516
452645
452797
452978
453219
453283
453353
453360
453366
453470
453490
453546
453597
453751
453800
453811
453927
453933
454069
454163
454436
454459
454983
455054
455075
455194
455242
455313
455510
455527
455843
455946
456016
456145
456160
456181
456251
456397
456447
456584
456612
456664
456801
456985
456996
457054
457247
457318
457364
457501
457631
457686
457894
458018
458092
458196
458280
458375
458386
458407
458523
458576
458700
458771
458935
459073
459436
459531
459553
459649
459750
459838
459908
459969
460005
460006
460206
460340
460479
460616
461014
461050
461075
461190
461254
461424
461443
461532
461551
461708
461789
461792
461869
462026
462033
462195
462254
462323
462749
462862
462929
462931
462999
463158
463223
463291
463319
463390
463434
463453
463544
463757
463780
463808
463830
464133
464161
464321
464572
465431
465451
465545
465731
465747
465759
465965
466455
466511
466576
466590
466745
466751
467127
467142
467229
467235
467469
467477
467542
467694
467771
467877
468011
468092
468239
468327
468475
468577
468589
468874
468891
469021
469195
469219
469253
469277
469280
469308
469522
469661
469674
469784
469790
469848
469861
469984
470152
470603
470881
470913
471014
471028
471077
471199
471345
471563
471569
471610
471636
471694
471831
471862
471928
472035
472097
472155
472274
472421
472759
472819
472869
472893
473076
473243
473321
473373
473429
473574
473657
473734
473804
473813
473818
473830
473895
474116
474466
474496
474521
474536
474549
474593
474705
474787
474873
474995
475012
475072
475157
475160
475189
475288
475350
475366
475465
475594
475596
475841
476027
476031
476230
476338
476377
476655
476713
476734
476978
477107
477201
477314
477683
477757
477775
477862
478102
478109
478141
478219
478345
478661
478933
479080
479107
479133
479220
479251
479298
479345
479486
479489
479547
479598
479621
479832
479876
480266
480393
480539
480557
480758
480763
480805
480865
481041
481498
481541
481587
481590
481657
481670
481733
481783
481857
482063
482085
482231
482329
482341
482350
482432
482432
482449
482707
482874
482993
483045
483062
483155
483226
483304
483413
483554
483572
483740
483805
483873
483918
484188
484243
484500
484635
484754
484785
484901
484926
484935
484985
485029
485178
485250
485499
485525
485541
485558
485603
485697
485880
485901
485974
486020
486163
486239
486272
486377
486415
486464
486643
486757
487002
487081
487093
487265
487502
487528
487591
487596
487678
487839
487953
487973
488006
488012
488174
488331
488348
488408
488603
488658
488828
489009
489052
489115
489132
489155
489289
489343
489685
489767
489956
490073
490075
490535
490540
490738
490767
490896
491477
491541
491853
491907
491937
491969
492045
492160
492220
492342
492390
492422
492501
492758
492863
492897
492986
493096
493102
493113
493239
493396
493398
493557
493573
493699
493730
493816
493866
494106
494237
494295
494424
494548
494567
494626
494763
494842
494851
494873
494932
494940
494945
495118
495232
495528
495692
495711
495911
495918
495985
496084
496151
496315
496326
496329
496396
496416
496524
496533
496650
496856
496870
496945
496953
496976
497129
497237
497277
497332
497333
497696
497723
497737
497743
497798
497879
497887
498060
498063
498070
498142
498349
498746
498774
498785
498813
498847
498992
499129
499273
499289
499546
499557
499640
499777
499893
499895
500126
500278
500306
500382
500505
500513
500538
500604
500627
500628
500794
500802
500817
500891
501052
501143
501225
501342
501362
501519
501945
501992
502169
502305
502357
502487
502657
502660
502777
502809
502841
502891
502986
503318
503414
503743
503842
503918
503939
503993
504050
504059
504104
504124
504234
504316
504584
504614
504648
504679
504760
504810
504913
505011
505082
505090
505124
505138
505163
505240
505391
505504
505520
505717
505753
505934
506043
506073
506363
506481
506861
506929
506937
506974
507160
507411
507440
507453
507465
507469
507471
507508
507593
507687
507829
507997
508008
508021
508219
508380
508411
508438
508439
508514
508681
508688
508982
509317
509424
509534
509605
509653
509737
509861
509870
509949
510030
510083
510132
510305
510359
510456
510730
510753
510887
511017
511281
511326
511349
511628
511806
511894
511995
511998
512039
512213
512260
512265
512580
512639
512827
512885
512889
513013
513030
513102
513208
513222
513225
513504
513571
513598
513770
513781
513888
513910
513998
514080
514158
514187
514209
514280
514453
514579
514756
515025
515060
515101
515167
515185
515185
515201
515222
515248
515259
515259
515513
515543
515615
515739
515880
516121
516178
516234
516239
516327
516530
516537
516538
516544
516558
516784
516810
516906
516975
517121
517237
517295
517320
517351
517868
518047
518083
518292
518362
518387
518476
518506
518513
518894
518899
518940
518991
519002
519005
519200
519335
519385
519483
519502
519705
519734
519757
519757
519790
519972
519995
520113
520409
520488
520510
520543
520569
520648
520780
520804
520805
520940
520942
521007
521024
521083
521095
521151
521170
521217
521218
521251
521577
521619
521793
521879
521925
521954
522057
522071
522401
522428
522499
522543
522554
522658
522707
522968
523212
523285
523356
523433
523503
523532
523551
523575
523577
523649
523875
523946
524040
524137
524188
524432
524690
524871
524937
524939
525007
525010
525011
525174
525209
525301
525354
525408
525689
525691
525692
525750
525951
525968
526130
526264
526282
526325
526521
526531
526570
526585
526712
526831
527019
527023
527145
527315
527473
527538
527674
527718
527721
527817
527900
527948
528142
528159
528194
528326
528403
528842
528965
529006
529026
529066
529167
529179
529213
529244
529507
529754
529855
529961
529963
529970
530011
530029
530083
530176
530342
530459
530475
530587
530629
530794
530830
530925
531091
531126
531268
531305
531367
531382
531658
531722
531779
531910
531915
531926
531930
531976
531978
531986
532151
532201
532231
532466
532472
532617
532751
532781
532977
533043
533057
533093
533147
533429
533431
533436
533499
533807
533967
534075
534435
534488
534617
534830
534877
535078
535218
535265
535492
535899
535954
536066
536225
536251
536284
536318
536354
536386
536387
536397
536405
536442
536692
536737
536843
537055
537155
537228
537365
537385
537454
537504
537516
537527
537686
537706
537724
538022
538045
538053
538055
538066
538198
538258
538259
538261
538278
538300
538426
538438
538488
538519
538592
538712
538804
538870
538930
539011
539456
539505
539558
539636
539814
539933
539998
540005
540111
540180
540440
540589
540771
541122
541131
541368
541412
541472
541679
541697
541840
541879
541993
542044
542066
542086
542104
542143
542340
542373
542386
542451
542493
542599
542690
542698
542937
543037
543233
543521
543567
543604
543639
543781
543823
543931
543941
544139
544149
544236
544339
544348
544404
544484
544912
545008
545044
545146
545340
545411
545621
545649
545697
545715
545759
546001
546077
546166
546203
546605
546620
546736
546834
546884
546904
547019
547088
547208
547213
547327
547353
547422
547502
547744
547872
547959
547974
548094
548385
548412
548419
548530
548665
548747
548810
548879
548906
548956
549085
549240
549404
549411
549452
549525
549557
549916
549967
550215
550305
550466
550482
550658
550869
550870
551035
551110
551248
551287
551394
551614
551673
552025
552060
552109
552113
552157
552188
552189
552206
552345
552455
552518
552687
552882
552942
553263
553611
553641
553704
553919
554077
554164
554270
554284
554410
554561
554781
554798
554933
554938
555025
555131
555263
555428
555607
555708
555903
555910
556135
556483
556487
556517
556546
556585
556686
556691
556900
557030
557166
557198
557243
557472
557627
557662
557734
558001
558068
558190
558322
558774
558788
558807
558988
559017
559022
559099
559376
559439
559569
559665
559780
559915
559946
560143
560271
560353
560574
560924
560999
561258
561268
561328
561347
561403
561470
561501
561592
561620
561640
561832
561923
561931
562427
562464
562598
562622
562770
562923
562927
563004
563093
563175
563267
563353
563415
563558
563580
563631
563645
563690
563825
563925
563981
564431
564533
564981
565028
565082
565100
565204
565500
565530
565582
565732
565917
565927
566002
566014
566051
566425
566486
566553
566699
566842
566921
566933
567363
567467
567551
567628
567635
567639
567829
567852
568345
568349
568565
568837
568911
569095
569231
569284
569520
569574
569825
570040
570053
570662
570945
570977
571111
571142
571195
571809
571836
571878
572200
572226
572292
572316
572321
572329
572394
572717
573093
573124
573187
573346
573373
573461
573672
573804
573900
574064
574066
574144
574309
574600
574741
574744
574784
574859
574921
574930
574955
575061
575077
575276
575290
575370
575386
575496
575501
575587
575816
575842
576151
576196
576890
576952
577001
577071
577089
577090
577329
577381
577385
577387
577460
577593
577742
577773
577871
577903
578141
578187
578236
578432
578707
578974
579087
579172
579211
579437
579510
579595
579598
579681
579691
579691
579751
579856
579908
579982
580198
580434
580836
580920
580954
581198
581213
581617
581755
581762
581880
581912
582158
582160
582429
582460
582965
583001
583251
583260
583286
583296
583309
583382
583410
583477
583529
583749
583847
583876
583918
584028
584045
584066
584067
584220
584313
584322
584517
584524
584606
584883
584964
585057
585381
585428
585466
585531
585608
585628
585658
585739
586214
586386
586467
586563
586679
586700
586748
586823
586827
587005
587033
587075
587106
587216
587252
587357
587456
587575
587592
587631
587686
587716
587855
587894
588245
588258
588441
588476
588527
588554
588602
588612
588741
588789
589061
589080
589525
589527
589532
589699
589756
590010
590053
590119
590177
590271
590332
590379
590556
590580
590602
590801
590855
590899
590963
591125
591233
591330
591408
591477
591533
591598
591609
591689
591838
591870
591892
591910
591940
592009
592038
592062
592456
592486
592575
592586
592837
592915
592998
592999
593184
593356
593449
593451
593598
593767
593770
593789
593892
594184
594245
594331
594489
594511
594604
594781
594843
594878
594977
595062
595376
595470
595508
595585
595628
595715
595747
595787
595979
596143
596727
596876
597034
597076
597146
597405
597487
597526
597536
597621
597729
598010
598246
598282
598287
598323
598427
598520
598561
598639
598926
599202
599323
599503
599697
599702
599766
599966
599980
600007
600023
600069
600095
600197
600504
600506
600588
600696
600741
600895
601259
601311
601346
601369
601412
601582
601744
601843
601894
601900
602048
602106
602106
602396
602508
602613
602631
602634
602658
602766
602893
603007
603203
603216
603349
603357
603421
603719
603814
603833
603878
603977
604051
604060
604075
604108
604278
604299
604443
604607
604731
604846
604879
604973
604978
605063
605093
605230
605274
605322
605511
605559
605613
605642
605651
605766
605794
605898
605968
605990
606089
606091
606118
606128
606277
606310
606457
606805
607055
607068
607094
607124
607211
607413
607474
607560
607613
607646
607671
607740
607863
608072
608124
608232
608313
608356
608417
608441
608447
608557
608570
608573
608625
608782
608859
608861
608885
608914
609035
609145
609247
609291
609356
609420
609590
609602
609840
610006
610667
610998
611019
611036
611131
611148
611162
611226
611282
611547
611751
611768
611832
612012
612069
612121
612138
612313
612345
612434
612729
612730
612793
612854
613023
613332
613406
613536
613894
614031
614038
614067
614100
614121
614312
614337
614600
614604
614700
614813
614872
614972
615617
615962
615965
615965
615978
616425
616468
616662
616693
616951
617029
617050
617265
617292
617300
617377
617548
617973
618379
618384
618482
618575
618601
618715
618763
618880
618920
619017
619048
619291
619312
619510
619534
619678
619877
620070
620134
620158
620177
620179
620213
620492
620674
620797
620998
621018
621226
621275
621585
621727
621727
621895
621958
622017
622155
622186
622205
622207
622277
622278
622438
622515
622695
622885
622988
623002
623026
623031
623103
623315
623445
623632
623882
623894
623923
623927
624030
624079
624119
624197
624224
624238
624389
624565
624614
624705
624721
624752
624838
625086
625164
625488
625836
625971
626237
626268
626330
626346
626861
626958
626998
627023
627084
627158
627240
627398
627535
627563
627594
627781
627904
627962
628054
628126
628151
628566
628672
628877
628890
628915
628916
629074
629093
629122
629426
629444
629489
629554
629629
629700
629842
629869
629936
630104
630114
630354
630634
631014
631063
631080
631097
631378
631385
631396
631401
631477
631547
631560
631657
631703
631760
631815
631920
631990
632014
632059
632099
632201
632233
632265
632269
632289
632452
632786
632798
632836
632936
633113
633198
633207
633256
633260
633440
633451
633522
633764
633805
633818
633892
633926
633963
634477
634525
634563
634585
634624
634654
634735
634829
634978
635190
635334
635926
635940
635946
635950
635976
635979
636016
636147
636228
636267
636305
636473
636526
636579
636584
636626
636700
636755
636877
636976
637223
637256
637281
637293
637315
637324
637337
637470
637613
637638
637760
637770
637780
637924
638091
638186
638201
638293
638621
638976
639019
639058
639083
639251
639306
639324
639430
639609
639639
639878
639926
640018
640038
640092
640114
640190
640361
640394
640515
640561
640570
640596
640648
640778
640808
640867
640919
640928
641144
641410
641448
641501
641658
641865
641978
641980
642064
642143
642261
642268
642281
642652
642673
642710
643171
643246
643248
643509
643516
643599
643745
643754
643799
644001
644202
644248
644332
644357
644506
644826
645210
645263
645299
645320
645355
645459
645581
645623
645741
645785
645821
645891
645894
645910
646054
646325
646621
646806
646906
647004
647141
647423
647873
647902
648033
648063
648154
648350
648438
648447
648504
648522
648673
648775
648823
648874
648981
649012
649023
649234
649343
649502
649507
649546
649658
649693
650039
650045
650244
650283
650327
650365
650466
650687
650768
650876
650941
650990
651050
651050
651197
651345
651420
651889
651960
651978
651994
652001
652045
652541
652571
652573
652719
653102
653191
653227
653287
653582
653588
653617
653621
653655
653708
653926
654026
654161
654193
654302
654308
654348
654571
654604
654810
654820
654950
654950
654990
655261
655466
655646
655721
655828
655898
655991
656050
656122
656129
656139
656558
656579
656591
656600
656649
656764
656807
657073
657137
657154
657180
657246
657576
657622
657649
657738
657823
657831
657842
657973
658818
658835
658883
658955
659004
659022
659074
659259
659551
659614
659635
659775
659969
660013
660029
660064
660103
660150
660297
660579
660629
660631
660675
660687
660707
660735
660759
661176
661283
661332
661437
661576
661585
661720
661773
661929
661932
661957
661976
662105
662153
662260
662361
662643
663114
663141
663451
663739
663809
664172
664200
664443
664628
664653
664660
664729
664831
664960
665023
665024
665083
665096
665401
665406
665451
665632
665732
665884
665937
666115
666183
666191
666432
666579
666594
666645
667161
667229
667392
667431
667507
667677
667744
667814
668015
668016
668092
668109
668230
668421
668499
668652
668744
668781
668788
669156
669426
669505
669868
669870
670128
670187
670478
670614
670762
670768
670883
670893
670926
671049
671369
671430
671560
671590
671604
671604
671714
671745
671825
671829
671838
671944
672216
672236
672238
672256
672327
672396
672606
672614
672628
672656
672697
672752
672849
672872
672923
673020
673098
673112
673228
673266
673431
673546
673586
673728
673729
673865
673911
674045
674052
674156
674193
674262
674327
674367
674395
674440
674467
674512
674684
674711
674741
674856
674934
674999
675003
675033
675039
675094
675262
675297
675429
675583
675634
675666
675752
675774
675873
675997
676316
676372
676382
676610
676614
676717
676900
676984
677007
677107
677125
677130
677382
677386
677433
677495
677611
677689
677791
677868
678042
678180
678254
678263
678342
678366
678412
678646
678670
678802
678806
678859
678869
678926
679016
679209
679269
679396
679510
679585
679914
679950
680228
680377
680401
680630
680726
680779
680940
681014
681172
681288
681322
681404
681454
681671
681710
681830
681836
681848
682045
682243
682265
682266
682290
682344
682379
682473
682612
682778
682866
682880
682916
682990
683185
683467
683476
683554
683571
683644
683707
683738
683966
684013
684021
684032
684396
684471
684586
684624
684666
684733
684788
684859
685008
685120
685148
685337
685355
685374
685403
685724
685797
685993
685998
686084
686107
686369
686517
686524
686568
686600
686634
686705
686748
686759
686950
686954
687107
687283
687507
687985
688218
688226
688255
688341
688352
688355
688478
688548
688680
688858
689082
689146
689192
689346
689382
689418
689769
689874
690034
690041
690086
690111
690129
690182
690359
690483
690882
690922
690991
691159
691374
691439
691444
691604
691621
691684
691733
691807
691997
692572
692580
692783
693007
693090
693095
693483
693526
693567
693659
693680
693682
693777
693888
693910
694396
694659
694781
694838
694840
694859
694989
695087
695105
695310
695412
695420
695456
695584
695617
695640
695641
695695
695754
695840
695894
696081
696158
696377
696412
696443
696616
697265
697406
697482
697494
697531
697642
697722
697765
697970
698265
698309
698330
698358
698363
698384
698445
698484
698624
698836
698865
699312
699319
699417
699465
699969
699993
700037
700038
700287
700385
700450
700681
700718
700828
700911
700932
701030
701037
701048
701163
701238
701449
701593
701609
701653
701731
701766
701780
701951
702078
702285
702340
702430
702475
702532
702605
702733
702940
703132
703157
703317
703466
703485
703601
703676
703765
703780
703825
703832
703893
703906
703940
704133
704196
704327
704471
704531
704646
704793
704914
704965
704983
705024
705039
705112
705191
705202
705369
705382
705392
705542
705585
705793
705858
705916
705973
706013
706274
706395
706900
706960
706962
706971
707354
707384
707476
707631
707656
707708
707723
707805
707811
707885
707942
708060
708157
708264
708293
708331
708371
708407
708600
708626
708654
708783
709009
709063
709154
709205
709206
709503
709521
709564
709605
709758
710004
710073
710199
710491
710667
710671
710679
710909
711079
711087
711236
711365
711406
711454
711513
711558
711602
711644
711688
711891
712030
712042
712135
712206
712567
712836
712888
712953
713137
713337
713455
713462
713471
713658
713704
713863
713943
713999
714051
714127
714333
714334
714395
714401
714491
714523
714547
714591
714848
715038
715169
715206
715330
715638
715688
715830
716116
716270
716273
716380
716713
716719
716770
716799
716886
716893
717221
717328
717508
717549
717550
717569
717596
717808
717884
718124
718178
718294
718349
718377
718399
718413
718493
718568
718656
718667
718735
718783
718856
718916
719077
719176
719273
719499
719538
719635
719746
719765
719779
720023
720026
720035
720141
720179
720185
720334
720589
720721
720863
720869
720907
721013
721428
721911
722052
722176
722423
722429
722542
722706
722737
722795
722804
722870
723078
723146
723427
723632
723662
723747
723867
723875
724444
724447
724459
724526
724664
724803
724864
724988
725025
725035
725363
725365
725429
725433
725516
725664
725866
725929
725930
726123
726252
726285
726350
726449
726493
726592
726652
726784
726977
727312
727570
727596
727597
727717
727864
728102
728221
728282
728344
728380
728407
728426
728470
728638
728827
729618
729763
729820
730010
730168
730364
730416
730496
730589
730675
730684
730763
731025
731755
731792
731897
731963
732055
732338
732390
732409
732582
732591
732663
732803
732885
732998
733191
733204
733245
733289
733366
733397
733399
733659
733660
733767
733870
734308
734338
734470
734790
734977
735125
735237
735276
735427
735753
735935
736117
736171
736231
736236
736275
736281
736500
736503
736543
736562
736593
736598
736618
736674
736824
736924
737197
737230
737291
737313
737562
737617
737742
737745
737826
738130
738155
738291
738496
738616
738715
738718
738757
738801
738842
738898
738923
739162
739213
739220
739284
739485
739602
739742
739761
739902
739984
740029
740257
740284
740520
740544
740567
740722
741128
741272
741321
741374
741433
741724
741857
742157
742161
742250
742461
742609
742623
742648
742771
742972
743010
743023
743189
743232
743299
743445
743463
743465
743505
743548
743626
743632
743777
743816
743828
743920
743921
743954
744005
744109
744174
744469
744583
744650
744664
745191
745207
745270
745302
745458
745537
745569
745611
745626
745703
745712
745724
745726
745893
746050
746101
746481
746780
746856
746874
747063
747553
747722
747723
747765
747843
747849
748031
748032
748044
748065
748072
748078
748190
748226
748337
748429
748473
748585
748854
748868
748932
749126
749134
749312
749318
749376
749749
749772
749831
749860
749926
749954
750116
750291
750328
750447
750541
750617
750651
750674
750731
750739
750920
750976
751027
751028
751241
751520
751615
751691
751730
751760
751886
751969
752295
752547
752600
752782
752782
752914
752971
753414
753416
753477
753486
753491
753691
753829
753873
754283
754673
754821
754864
755200
755309
755690
755827
755846
755870
755965
755977
756028
756054
756112
756114
756145
756225
756309
756332
756485
756596
756634
756970
757021
757092
757152
757250
757317
757532
757577
757578
757787
757798
757904
757948
758103
758140
758235
758252
758266
758311
758399
758409
758665
758921
758969
759126
759179
759310
759329
759581
759631
760007
760135
760245
760295
760691
760742
760753
760915
761102
761134
761355
761434
761450
761489
761569
761576
761611
761743
761847
761856
761858
762089
762402
762537
762584
762618
762834
762851
762866
762993
763058
763082
763113
763201
763458
763473
763494
763501
763528
763530
763620
763717
763738
763771
763775
763835
763864
763990
764101
764111
764162
764193
764247
764271
764321
764379
764494
764540
764738
765109
765151
765189
765223
765292
765415
765469
765516
765829
765830
765849
765853
765864
765949
766019
766042
766044
766195
766314
766396
766484
766579
766789
766807
766832
766885
766935
766956
767006
767184
767420
767446
767483
767488
767586
767622
767858
768056
768070
768386
768391
768461
768510
768519
768705
768717
768721
768927
768932
769032
769071
769089
769135
769142
769214
769307
769315
769335
769564
769655
769732
769803
769957
770070
770157
770171
770191
770210
770258
770588
770742
770833
771005
771054
771301
771386
771395
771474
771532
771557
771709
771822
771850
772068
772195
772297
772362
772369
772510
772616
772725
772882
773108
773113
773168
773222
773377
773973
773998
774012
774113
774119
774169
774181
774257
774525
774582
774654
774724
774748
774854
774899
775070
775095
775168
775385
775459
775508
775686
775692
775757
775888
776132
776149
776219
776366
776369
776448
776909
777099
777159
777448
777527
777571
777725
777769
777893
777908
777910
777939
777957
778021
778230
778350
778353
778402
778739
778770
779304
779316
779338
779646
779648
779692
779726
779791
780226
780236
780324
780461
780514
780598
780602
780783
780822
781354
781404
781505
781528
781595
781688
781690
781900
781926
782163
782483
782495
782519
782540
782629
782653
782669
782915
782923
783036
783046
783131
783219
783328
783440
783484
783522
783700
783810
783825
783908
783944
784195
784574
784617
784742
784776
784878
785036
785065
785098
785170
785291
785355
785383
785410
785441
785455
785556
785561
785600
785761
785792
785901
785927
785955
786070
786326
786416
786563
786842
786863
787047
787377
787387
787409
787431
787668
787891
787938
787956
787999
788184
788341
788392
788656
788856
788980
789009
789083
789143
789180
789194
789456
789474
789520
789740
789796
789984
790065
790277
790287
790386
790402
790515
790531
790591
790616
790645
790655
790723
790923
790979
791072
791357
791450
791536
791724
791775
791778
791915
791934
791984
792352
792397
792405
792468
792594
792604
792873
792962
793060
793095
793460
793502
793529
793556
793584
793628
793765
793909
793986
794252
794283
794435
794456
794495
794532
794536
794691
794705
794707
794914
795006
795060
795175
795197
795291
795439
795664
795800
795837
795925
796056
796190
796387
796408
796442
796536
796594
796613
796642
796683
796922
797033
797171
797284
797351
797420
797423
797543
797562
797604
797605
797760
797820
797923
798013
798060
798283
798428
798434
798561
798581
799054
799157
799197
799198
799236
799300
799415
799497
799662
799686
799701
799733
799794
799849
799863
800095
800181
800279
800288
800326
800501
800525
800571
800664
800753
801087
801130
801281
801284
801476
801963
802138
802290
802396
802488
802574
802667
802821
803116
803544
803645
803681
803848
803877
804007
804018
804187
804283
804305
804344
804592
804608
804622
804748
804750
804793
804854
804939
805009
805037
805059
805135
805158
805224
805227
805412
805468
805535
805576
805699
805737
805886
805912
805924
805946
806311
806325
806461
806467
806537
806567
806697
806713
806947
807028
807055
807083
807085
807136
807146
807170
807232
807285
807298
807331
807447
807465
807539
807636
807746
807786
807864
807957
808050
808224
808564
808735
809081
809158
809176
809236
809284
809292
809375
809402
809433
809442
809456
809476
809601
809721
809992
809993
809997
810012
810222
810234
810255
810346
810363
810383
810394
810459
810517
810610
810702
811188
811252
811300
811421
811503
811625
811701
811726
811920
811958
812050
812249
812267
812418
812689
812746
813013
813029
813146
813281
813572
813636
813722
813775
813818
813901
814212
814229
814370
814370
814402
814473
814492
814528
814668
814780
814882
814930
815038
815211
815263
815613
815695
815726
815985
816028
816048
816149
816151
816178
816182
816386
816517
816562
816663
816692
816745
816954
817031
817094
817212
817267
817334
817353
817544
817558
817708
817805
817806
817886
818016
818576
818611
818700
818703
818919
819154
819215
819217
819632
819863
819879
819912
819959
819961
820003
820097
820177
820297
820437
820476
820500
820901
820939
821062
821479
821629
821686
821696
821788
822049
822176
822192
822236
822244
822279
822316
822554
822633
822669
822806
822874
822903
822917
822933
823056
823072
823084
823294
823353
823395
823432
823477
823491
823533
823592
823750
823792
823835
823884
824045
824104
824178
824410
824584
824842
824861
824866
824955
825091
825302
825347
825352
825446
825502
825652
825775
825791
825899
825922
825937
825942
825970
826132
826253
826273
826281
826344
826582
826697
826749
826821
826963
826971
827100
827256
827327
827650
827659
827760
827874
827925
827945
827995
828378
828539
828727
828951
829045
829051
829275
829284
829288
829354
829478
829732
829815
829989
830051
830102
830135
830161
830259
830331
830561
830690
830699
830728
830813
830909
831174
831203
831493
831557
831876
831910
831991
832090
832116
832156
832189
832319
832387
832453
832564
832569
832921
832924
833060
833138
833280
833326
833355
833543
833728
833914
833964
834094
834193
834209
834302
834398
834540
834542
834639
834648
835142
835170
835324
835514
835558
835659
835715
835876
835915
836069
836287
836432
836463
836481
836692
836783
836812
836838
836849
836929
836998
837046
837453
837479
837496
837500
837562
837604
837705
838164
838325
838642
838706
838721
838918
838942
839092
839296
839529
839601
839612
839628
839804
839929
839956
840201
840203
840279
840281
840481
840600
840641
840656
840810
840880
840977
841029
841188
841373
841520
841527
841574
841686
841891
841911
842005
842048
842503
842515
842612
842851
842942
842976
843078
843117
843126
843177
843524
843544
843569
843883
843997
844000
844021
844254
844294
844413
844523
844662
844668
844777
844938
845285
845549
845695
845858
845931
845967
846006
846324
846331
846354
846464
846725
846797
846853
846916
846938
846986
847019
847024
847078
847112
847358
847455
847476
847666
847867
848051
848104
848145
848234
848259
848354
848450
848457
848597
848638
848862
849061
849098
849101
849234
849310
849368
849513
849522
849562
849565
849626
849644
849667
849688
849889
850052
850286
850386
850425
850433
850471
850685
850717
850760
850784
850818
850875
850972
850981
851263
851279
851371
851447
851493
851511
851531
851708
851726
851808
851834
851939
852034
852102
852211
852285
852319
852709
853092
853329
853454
853505
853550
853705
853769
853950
853974
854192
854219
854434
854496
854533
854557
854583
854617
854764
854810
854815
854830
854853
854886
854923
854930
854952
855319
855509
855711
855918
856029
856031
856156
856181
856225
856314
856362
856623
856734
856864
857164
857280
857509
857544
857602
857706
857727
857945
858051
858174
858340
858525
858687
858809
858866
858872
858998
859085
859112
859268
859537
859730
860000
860005
860082
860453
860626
860678
860690
860855
861186
861282
861444
861597
861711
861770
861848
861898
861972
861997
862071
862414
862512
862513
862520
862764
862812
862851
862912
863096
863150
863204
863377
863411
863641
863651
863794
863809
863816
863892
864421
864564
864605
864631
864737
864894
864899
864903
864976
865054
865099
865166
865337
865341
865477
865501
865650
865701
865710
865927
865957
865990
866244
866431
866462
866556
866778
866878
866927
867099
867236
867266
867406
867482
867542
867578
867825
867835
867961
868122
868344
868353
868401
868664
868730
868921
868925
869420
869489
869531
869801
869862
869959
869977
869977
869988
870447
870634
870651
870752
870809
870819
871122
871142
871388
871415
871453
871477
871480
871659
871726
871768
871903
871910
872015
872085
872094
872205
872322
872330
872471
872526
872675
872810
873068
873076
873175
873214
873529
873763
873814
873931
873970
873983
874044
874186
874370
874440
874634
874703
874743
874779
874858
875052
875183
875201
875339
875435
875474
875632
875640
875739
875747
875749
875845
875912
875965
876003
876013
876026
876042
876050
876121
876205
876232
876293
876318
876339
876391
876413
876445
876454
876606
876778
876902
876950
876981
877095
877182
877237
877292
877359
877375
877483
877734
877823
877833
877861
877949
877952
877972
878092
878234
878268
878313
878619
878657
878709
878896
878936
879146
879292
879299
879365
879381
879552
879627
879637
879940
880023
880169
880170
880225
880319
880384
880559
880664
880693
880779
880832
880845
880867
880874
880950
880952
880992
881031
881252
881265
881311
881314
881356
881403
881436
881448
881540
881555
881659
881850
882032
882098
882339
882362
882418
882440
883032
883138
883152
883248
883258
883342
883349
883370
883459
883468
883594
883679
883747
883950
884143
884202
884280
884492
884763
884900
884945
885192
885196
885347
885424
885430
885464
885520
885552
885562
885843
886139
886154
886338
886378
886499
886841
886905
886952
887018
887091
887154
887263
887377
887481
887569
887700
887732
887779
887821
887857
887880
887885
887910
888011
888209
888225
888255
888371
888535
888536
888603
888881
889131
889148
889166
889264
889365
889555
889604
889626
889712
889751
889789
889826
890125
890446
890457
890469
890511
890569
890631
890709
890834
890931
891227
891298
891327
891356
891733
891765
891942
892148
892205
892219
892417
892591
892704
892741
892823
892992
892992
893401
893543
893569
893648
893658
893659
893773
893818
893862
893867
894236
894255
894354
894406
894485
894523
894656
894897
894991
895006
895015
895035
895124
895156
895556
896164
896199
896410
896672
896789
896833
897008
897147
897250
897342
897439
897447
897479
897550
897799
897917
898087
898160
898253
898518
898679
898766
898779
898885
898890
898949
899056
899117
899403
899448
899536
899750
899754
899841
899856
899899
900092
900130
900203
900233
900275
900340
900361
900451
900615
900829
900862
900933
901009
901034
901049
901326
901410
901420
901447
901600
901619
901622
901648
901688
901774
901803
901831
901939
901983
902011
902040
902040
902073
902220
902270
902536
902703
902782
902878
903138
903143
903231
903446
903483
903545
903638
903644
904292
904345
904433
904465
904628
904789
904981
904999
905211
905226
905291
905351
905382
905739
905752
905860
905863
906086
906137
906202
906275
906317
906485
906509
906570
906676
906784
906846
907095
907208
907357
907430
907597
907733
907818
907959
908018
908149
908229
908250
908318
908485
908492
908547
908645
908650
909154
909358
909379
909563
909686
909793
910082
910086
910163
910394
910433
910485
910505
910546
910590
910648
910698
910799
910846
910892
911019
911136
911247
911406
911476
911478
911512
911899
911899
912317
912339
912506
912627
912631
912667
912731
912829
912880
913164
913265
913311
913379
913391
913485
913726
913804
913922
914071
914311
914405
914479
914491
914667
914667
914730
914749
914889
914984
915008
915019
915279
915395
915432
915623
915842
915844
915853
916126
916199
916217
916299
916345
916427
916472
916504
916516
916829
916862
916916
916952
917002
917040
917138
917381
917480
917496
917621
917841
917849
917973
917988
917992
918004
918075
918098
918231
918254
918269
918403
918457
918560
918584
918608
918613
918869
918929
919022
919029
919454
919651
919821
920029
920039
920225
920322
920334
920517
920554
920711
920793
920855
920935
920982
921172
921192
921221
921228
921399
921443
921462
921534
921539
921750
921903
921904
921997
922082
922137
922338
922370
922434
922553
922606
922633
922651
922715
922885
923090
923201
923521
923552
923629
923643
923838
923966
924080
924103
924355
924411
924481
924579
924838
924854
925243
925266
925287
925289
925425
925500
925507
925814
925823
926420
926509
926570
926649
926681
926906
926957
926969
927014
927363
927564
927568
927629
927660
927744
927910
927985
927990
928126
928143
928356
928382
928465
928466
928495
928507
928572
928591
928735
928800
928833
928915
929093
929154
929167
929239
929276
929318
929389
929455
929496
929615
929893
929898
929914
929920
930112
930256
930389
930455
930743
931235
931527
931597
931656
931866
932177
932315
932339
932380
932475
932489
932623
932634
932732
932802
932855
932899
933045
933235
933327
933474
933505
933565
933589
933599
933626
933673
933675
933916
934106
934235
934290
934329
934339
934537
934729
934871
934977
935003
935219
935335
935446
935479
935753
935795
935971
936052
936153
936350
936608
936628
936687
936859
937018
937112
937334
937344
937380
937396
937471
937681
937689
937791
937804
937827
937828
937844
938048
938062
938074
938352
938593
938674
938711
938860
939223
939359
939460
939695
939906
939909
939939
940041
940073
940145
940214
940215
940231
940448
940743
940805
940818
941063
941069
941119
941351
941484
941522
941595
941643
941701
941724
941819
942162
942166
942262
942380
942401
942450
942453
942470
942482
942502
942554
942568
942647
942730
943273
943582
943794
943887
943979
944037
944070
944107
944308
944450
944538
944613
944646
944661
944696
944773
944888
944894
945129
945337
945610
945637
945928
945949
945979
946033
946101
946117
946195
946262
946298
946405
946406
946478
946484
946622
946775
946962
947087
947124
947169
947485
947487
947515
947517
947520
947521
947579
947683
947875
948021
948022
948085
948167
948178
948314
948345
948425
948445
948472
948527
948646
948665
948674
948716
948796
948843
949001
949050
949113
949174
949228
949499
949504
949856
949928
950002
950012
950211
950371
950408
950431
950525
950661
950771
950798
950840
951106
951219
951235
951366
951449
951497
951558
951571
951686
951687
951721
951750
951771
951941
951950
952002
952094
952218
952250
952474
952478
952490
952587
952612
952665
952714
952735
952832
952845
952932
952946
953005
953181
953276
953383
953447
953510
953602
953720
953776
953803
953835
953898
953968
953975
954033
954060
954108
954160
954406
954440
954456
954549
954572
954922
954973
955049
955051
955066
955125
955494
955500
955587
955724
955727
956011
956126
956139
956210
956246
956254
956382
956524
956563
956728
956909
956926
957312
957463
957489
957861
957929
957953
957959
957966
958014
958146
958525
958538
958558
958759
958950
959024
959124
959125
959125
959310
959340
959385
959520
959520
959534
959645
959658
959684
959988
959991
960104
960134
960265
960358
960525
960638
960847
960848
960931
961009
961095
961350
961618
961722
961888
961963
962032
962082
962089
962216
962302
962381
962405
962433
962452
962453
962521
962551
962593
962661
962705
962914
962930
962994
963037
963242
963369
963425
963450
963537
963706
963972
963977
964247
964299
964409
964518
964663
964685
964777
964850
964961
965013
965019
965029
965068
965087
965292
965377
965415
965556
965674
965691
965832
966147
966300
966509
966552
966605
966612
966700
966746
966749
966869
967319
967435
967727
967734
967768
967783
967930
968026
968232
968287
968340
968489
968510
968550
968649
968722
968769
968819
968894
969018
969144
969365
969545
969741
969914
970157
970257
970291
970322
970446
970462
970464
970482
970569
970692
970838
971034
971361
971375
971622
971671
971697
971990
971998
972054
972150
972183
972196
972345
972431
972484
972550
972564
972625
972768
972799
972843
972943
973132
973246
973250
973286
973294
973368
973548
973631
973895
973977
974022
974312
974361
974435
974633
974657
974677
974699
974740
974749
974757
974803
974867
974879
975145
975147
975150
975186
975326
975417
975450
975558
975656
975724
975791
975839
975918
976262
976264
976397
976433
976487
976581
976612
977025
977184
977224
977417
977512
977611
977660
977690
977745
977834
977964
977968
977973
978008
978011
978064
978287
978486
978518
978651
978696
978752
978987
979038
979127
979151
979243
979245
979329
979358
979395
979682
979743
979959
980079
980120
980122
980217
980291
980410
980481
980562
980656
980687
980715
980766
981138
981192
981286
981294
981301
981306
981602
981743
981810
981828
981927
981974
982118
982361
982385
982529
982540
982580
982634
982679
982690
983041
983258
983362
983528
983577
983599
983900
983957
983981
984201
984310
984366
984453
984458
984469
984498
984624
984868
984871
985057
985065
985185
985194
985202
985493
985632
985642
985656
985868
985942
985970
986199
986202
986344
986391
986403
986443
986842
987086
987193
987385
987652
987678
988045
988160
988213
988233
988255
988324
988335
988344
988413
988435
988521
988606
988673
989403
989565
989572
989584
989730
989759
989771
989779
989841
989930
989961
990129
990187
990305
990406
990438
990439
990444
990577
990790
991193
991244
991309
991352
991654
991924
992109
992183
992209
992241
992434
992477
992571
992790
992988
993080
993336
993666
993682
993823
993892
994027
994077
994264
994334
994434
994464
994538
994688
994868
995152
995277
995431
995449
995494
995520
995604
995632
995650
995724
995877
995974
996139
996193
996199
996672
996675
996770
996771
996872
996950
997375
997536
997544
997654
997803
997850
997853
998025
998184
998189
998372
998473
998673
999190
999396
999450
999454
999638
999782
999881
